function out = Dir125(par)
V = [...
    -0.28663,    0.10239,    0.95255 ;...
    -0.33752,    -0.67998,    -0.65093 ;...
    -0.32184,    -0.92146,    0.21756 ;...
    -0.96194,    -0.23387,    0.14132 ;...
    0.21727,    -0.66012,    -0.71906 ;...
    -0.47973,    0.32489,    0.81505 ;...
    0.33426,    0.32659,    0.88409 ;...
    0.1669,    -0.40103,    -0.90073 ;...
    0.88793,    -0.34733,    0.30156 ;...
    0.54998,    -0.8298,    0.094665 ;...
    0.46697,    -0.37129,    -0.80255 ;...
    0.28809,    -0.95404,    -0.082574 ;...
    -0.82865,    -0.52604,    0.19135 ;...
    0.74245,    -0.61845,    0.25748 ;...
    -0.85636,    -0.27198,    0.43894 ;...
    0.27743,    -0.0061013,    0.96073 ;...
    -0.67434,    0.62552,    0.39243 ;...
    0.10672,    0.54748,    0.82999 ;...
    -0.95082,    0.30955,    -0.011036 ;...
    -0.071576,    -0.90118,    0.4275 ;...
    -0.18121,    0.71636,    0.67379 ;...
    -0.91223,    0.20842,    -0.35271 ;...
    -0.99614,    0.0015034,    -0.087762 ;...
    0.66179,    0.74286,    0.10093 ;...
    0.99653,    -0.039346,    0.073359 ;...
    0.96707,    -0.010798,    -0.25429 ;...
    -0.54643,    0.82455,    0.14675 ;...
    -0.10708,    -0.55274,    -0.82645 ;...
    -0.67173,    -0.55366,    0.49217 ;...
    -0.57467,    -0.71181,    -0.40383 ;...
    -0.66327,    -0.27314,    0.69676 ;...
    0.59571,    -0.054478,    -0.80135 ;...
    0.50135,    -0.25255,    0.82757 ;...
    -0.6117,    -0.76236,    0.21127 ;...
    0.42587,    -0.5521,    0.71681 ;...
    -0.28046,    0.040035,    -0.95903 ;...
    -0.60841,    0.033317,    0.79292 ;...
    -0.51229,    -0.85356,    -0.094846 ;...
    -0.72265,    0.33876,    0.60251 ;...
    0.89356,    -0.30543,    -0.32903 ;...
    -0.42587,    0.5521,    -0.71681 ;...
    0.2747,    0.89787,    0.34406 ;...
    -0.51628,    0.25265,    -0.81831 ;...
    0.75305,    0.49834,    0.42962 ;...
    0.11401,    0.79336,    0.59799 ;...
    0.081467,    0.99421,    0.070108 ;...
    -0.83253,    0.032994,    0.553 ;...
    0.86477,    0.28249,    -0.41518 ;...
    -0.3749,    0.82703,    0.41888 ;...
    -0.5471,    -0.086391,    -0.83259 ;...
    0.19284,    0.67585,    -0.71137 ;...
    -0.16426,    -0.7116,    0.68311 ;...
    -0.051412,    -0.11935,    0.99152 ;...
    -0.34055,    -0.3324,    -0.87951 ;...
    0.41345,    0.76494,    -0.49389 ;...
    0.96062,    0.26472,    -0.084471 ;...
    0.72995,    -0.57367,    -0.37159 ;...
    -0.82269,    0.50287,    -0.26514 ;...
    0.66981,    0.55035,    -0.49847 ;...
    -0.20201,    0.35752,    -0.91179 ;...
    -0.1202,    0.64288,    -0.75647 ;...
    0.9329,    0.23877,    0.26961 ;...
    -0.43682,    -0.51505,    0.7375 ;...
    0.93952,    -0.34211,    -0.016185 ;...
    0.56498,    0.084365,    0.82078 ;...
    -0.061136,    -0.19747,    -0.9784 ;...
    0.71866,    -0.32883,    -0.61269 ;...
    -0.031429,    -0.81113,    -0.58402 ;...
    -0.19384,    0.44695,    0.8733 ;...
    -0.39329,    -0.20646,    0.89593 ;...
    0.82951,    -0.023302,    -0.55801 ;...
    0.057789,    0.86646,    -0.4959 ;...
    -0.96458,    0.062933,    0.25617 ;...
    0.67644,    0.253,    -0.69168 ;...
    -0.78071,    -0.46848,    -0.41355 ;...
    0.69448,    -0.45121,    0.56045 ;...
    0.29261,    -0.10035,    -0.95095 ;...
    0.78396,    -0.61786,    -0.06051 ;...
    0.7909,    0.18845,    0.58221 ;...
    -0.47794,    0.59597,    0.64528 ;...
    -0.26214,    0.81782,    -0.5123 ;...
    -0.87614,    0.35586,    0.32519 ;...
    0.54481,    0.73683,    0.40034 ;...
    -0.38239,    0.89979,    -0.21012 ;...
    -0.80592,    0.58522,    0.089494 ;...
    0.50903,    -0.62815,    -0.58849 ;...
    -0.74867,    -0.21678,    -0.6265 ;...
    0.19905,    -0.32544,    0.92437 ;...
    0.39329,    0.20646,    -0.89593 ;...
    0.81063,    0.54885,    -0.20408 ;...
    0.29605,    -0.84639,    -0.44269 ;...
    0.05083,    0.12081,    -0.99137 ;...
    -0.4155,    -0.76482,    0.49236 ;...
    -0.76533,    0.11011,    -0.63415 ;...
    -0.29212,    -0.87652,    -0.38258 ;...
    0.85396,    0.50678,    0.11801 ;...
    -0.14913,    -0.42415,    0.89323 ;...
    -0.073511,    0.92792,    0.36546 ;...
    -0.21294,    -0.97352,    -0.083126 ;...
    0.54248,    -0.80493,    -0.24041 ;...
    0.58311,    0.78164,    -0.22139 ;...
    0.91722,    -0.058596,    0.39405 ;...
    0.40323,    0.91373,    0.050127 ;...
    0.28937,    -0.91737,    0.2733 ;...
    -0.91772,    -0.12298,    -0.37772 ;...
    -0.75616,    -0.64528,    -0.10877 ;...
    0.26391,    0.93389,    -0.24126 ;...
    -0.56105,    -0.46635,    -0.68392 ;...
    0.45478,    0.49271,    -0.7419 ;...
    -0.56083,    0.69353,    -0.4522 ;...
    0.51047,    -0.7332,    0.44926 ;...
    0.38614,    0.6429,    0.6615 ;...
    0.029765,    0.21952,    0.97515 ;...
    -0.92156,    -0.36099,    -0.14285 ;...
    -0.073542,    0.97336,    -0.21716 ;...
    -0.65003,    0.74582,    -0.14563 ;...
    0.74712,    -0.14851,    0.64789 ;...
    0.11295,    -0.6001,    0.79191 ;...
    0.20119,    -0.80086,    0.56405 ;...
    0.024794,    -0.99245,    0.12011 ;...
    0.58717,    0.41103,    0.69735 ;...
    -0.25716,    0.9621,    0.090773 ;...
    0.03741,    -0.95811,    -0.28395 ;...
    -0.70656,    0.42062,    -0.56908 ;...
    0.13175,    0.41868,    -0.89853 ;...
    ];

